26.9237,-41.372,-2.6668,0,5,0,0.0
-20.5522,-84.4668,0.459632,0,5.5,1,0.0
48.2815,-55.228,1.60969,0,6,2,0.0
31.5443,-70.2872,0.184073,0,5,3,0.0
55.2121,-36.6107,-1.16209,0,0.5,4,0.0
26.9237,-41.372,-2.6668,0,5,0,0.1
-20.5522,-84.4668,0.459632,0,5.5,1,0.1
48.2815,-55.228,1.60969,0,6,2,0.1
31.5443,-70.2872,0.184073,0,5,3,0.1
55.2121,-36.6107,-1.16209,0,0.5,4,0.1
26.9237,-41.372,-2.6668,0,5,0,0.2
-20.5522,-84.4668,0.459632,0,5.5,1,0.2
48.2815,-55.228,1.60969,0,6,2,0.2
31.5443,-70.2872,0.184073,0,5,3,0.2
55.2121,-36.6107,-1.16209,0,0.5,4,0.2
26.9237,-41.372,-2.6668,0,5,0,0.3
-20.5522,-84.4668,0.459632,0,5.5,1,0.3
48.2815,-55.228,1.60969,0,6,2,0.3
31.5443,-70.2872,0.184073,0,5,3,0.3
55.2121,-36.6107,-1.16209,0,0.5,4,0.3
26.4874,-41.5977,-2.65902,0.127088,4.82357,0,0.4
-20.0687,-84.2274,0.459647,0.000220055,5.2906,1,0.4
48.255,-54.647,1.6298,0.275981,5.63231,2,0.4
32.0401,-70.1947,0.185503,0.0226186,5.0865,3,0.4
55.237,-36.6681,-1.16207,0.00200836,0.75164,4,0.4
26.0632,-41.8244,-2.64163,0.16022,4.79671,0,0.5
-19.5933,-83.9921,0.459673,0.000177154,5.31813,1,0.5
48.2118,-54.1041,1.67208,0.326559,5.26137,2,0.5
32.5415,-70.0995,0.189879,0.0459099,5.12114,3,0.5
55.2718,-36.7484,-1.16202,0.00236961,0.998588,4,0.5
25.6474,-42.0565,-2.62408,0.132389,4.72699,0,0.6
-19.1151,-83.7554,0.459638,-0.000709086,5.35308,1,0.6
48.1493,-53.5978,1.7147,0.318465,4.94179,2,0.6
33.0441,-70.0012,0.196845,0.0627976,5.12127,3,0.6
55.3163,-36.8512,-1.16197,0.00104955,1.24138,4,0.6
25.2412,-42.2917,-2.60989,0.108215,4.6617,0,0.7
-18.6384,-83.5195,0.459591,8.32084e-06,5.28518,1,0.7
48.0711,-53.1224,1.75265,0.291606,4.69474,2,0.7
33.5449,-69.8992,0.205435,0.0714636,5.10037,3,0.7
55.3703,-36.9759,-1.16196,-6.57231e-05,1.47774,4,0.7
24.8405,-42.531,-2.5965,0.120247,4.67201,0,0.8
-18.1659,-83.2856,0.459645,0.000801862,5.259,1,0.8
47.9804,-52.6714,1.78529,0.261155,4.50679,2,0.8
34.0413,-69.7932,0.215663,0.0893991,5.05232,3,0.8
55.4337,-37.1223,-1.16197,-0.000366881,1.71221,4,0.8
24.4453,-42.7745,-2.58203,0.127939,4.61188,0,0.9
-17.699,-83.0545,0.459765,0.00105412,5.1599,1,0.9
47.8796,-52.2387,1.81313,0.229864,4.37862,2,0.9
34.5305,-69.6829,0.228244,0.110679,4.97758,3,0.9
55.5064,-37.2899,-1.16187,0.00469491,1.94183,4,0.9
24.0593,-43.0199,-2.56938,0.092232,4.53687,0,1
-17.2454,-82.8298,0.460123,0.00462398,4.9646,1,1
47.7705,-51.8196,1.83798,0.221255,4.2831,2,1
35.0095,-69.5679,0.243644,0.138233,4.87374,3,1
55.5881,-37.4785,-1.16161,0.00528276,2.16748,4,1
23.6842,-43.2644,-2.55779,0.114268,4.41698,0,1.1
-16.8066,-82.6122,0.460145,-0.00431281,4.83187,1,1.1
47.6535,-51.4119,1.86219,0.227735,4.20044,2,1.1
35.4776,-69.4474,0.259907,0.129309,4.79309,3,1.1
55.6787,-37.6873,-1.16125,0.00729283,2.38662,4,1.1
23.6842,-43.2644,-2.55779,0.114268,4.41698,0,1.2
-16.8066,-82.6122,0.460145,-0.00431281,4.83187,1,1.2
47.6535,-51.4119,1.86219,0.227735,4.20044,2,1.2
35.4776,-69.4474,0.259907,0.129309,4.79309,3,1.2
55.6787,-37.6873,-1.16125,0.00729283,2.38662,4,1.2
23.6842,-43.2644,-2.55779,0.114268,4.41698,0,1.3
-16.8066,-82.6122,0.460145,-0.00431281,4.83187,1,1.3
47.6535,-51.4119,1.86219,0.227735,4.20044,2,1.3
35.4776,-69.4474,0.259907,0.129309,4.79309,3,1.3
55.6787,-37.6873,-1.16125,0.00729283,2.38662,4,1.3
23.6842,-43.2644,-2.55779,0.114268,4.41698,0,1.4
-16.8066,-82.6122,0.460145,-0.00431281,4.83187,1,1.4
47.6535,-51.4119,1.86219,0.227735,4.20044,2,1.4
35.4776,-69.4474,0.259907,0.129309,4.79309,3,1.4
55.6787,-37.6873,-1.16125,0.00729283,2.38662,4,1.4
23.6842,-43.2644,-2.55779,0.114268,4.41698,0,1.5
-16.8066,-82.6122,0.460145,-0.00431281,4.83187,1,1.5
47.6535,-51.4119,1.86219,0.227735,4.20044,2,1.5
35.4776,-69.4474,0.259907,0.129309,4.79309,3,1.5
55.6787,-37.6873,-1.16125,0.00729283,2.38662,4,1.5
23.6842,-43.2644,-2.55779,0.114268,4.41698,0,1.6
-16.8066,-82.6122,0.460145,-0.00431281,4.83187,1,1.6
47.6535,-51.4119,1.86219,0.227735,4.20044,2,1.6
35.4776,-69.4474,0.259907,0.129309,4.79309,3,1.6
55.6787,-37.6873,-1.16125,0.00729283,2.38662,4,1.6
23.6842,-43.2644,-2.55779,0.114268,4.41698,0,1.7
-16.8066,-82.6122,0.460145,-0.00431281,4.83187,1,1.7
47.6535,-51.4119,1.86219,0.227735,4.20044,2,1.7
35.4776,-69.4474,0.259907,0.129309,4.79309,3,1.7
55.6787,-37.6873,-1.16125,0.00729283,2.38662,4,1.7
23.6842,-43.2644,-2.55779,0.114268,4.41698,0,1.8
-16.8066,-82.6122,0.460145,-0.00431281,4.83187,1,1.8
47.6535,-51.4119,1.86219,0.227735,4.20044,2,1.8
35.4776,-69.4474,0.259907,0.129309,4.79309,3,1.8
55.6787,-37.6873,-1.16125,0.00729283,2.38662,4,1.8
23.6842,-43.2644,-2.55779,0.114268,4.41698,0,1.9
-16.8066,-82.6122,0.460145,-0.00431281,4.83187,1,1.9
47.6535,-51.4119,1.86219,0.227735,4.20044,2,1.9
35.4776,-69.4474,0.259907,0.129309,4.79309,3,1.9
55.6787,-37.6873,-1.16125,0.00729283,2.38662,4,1.9
23.3208,-43.5076,-2.54622,0.0964858,4.3306,0,2
-16.3833,-82.4057,0.441685,-0.30696,4.58662,1,2
47.5292,-51.0148,1.8865,0.23141,4.1212,2,2
35.9343,-69.3218,0.277783,0.170456,4.68031,3,2
55.7781,-37.9161,-1.16079,0.00754457,2.60095,4,2
23.3208,-43.5076,-2.54622,0.0964858,4.3306,0,2.1
-16.3833,-82.4057,0.441685,-0.30696,4.58662,1,2.1
47.5292,-51.0148,1.8865,0.23141,4.1212,2,2.1
35.9343,-69.3218,0.277783,0.170456,4.68031,3,2.1
55.7781,-37.9161,-1.16079,0.00754457,2.60095,4,2.1
23.3208,-43.5076,-2.54622,0.0964858,4.3306,0,2.2
-16.3833,-82.4057,0.441685,-0.30696,4.58662,1,2.2
47.5292,-51.0148,1.8865,0.23141,4.1212,2,2.2
35.9343,-69.3218,0.277783,0.170456,4.68031,3,2.2
55.7781,-37.9161,-1.16079,0.00754457,2.60095,4,2.2
23.3208,-43.5076,-2.54622,0.0964858,4.3306,0,2.3
-16.3833,-82.4057,0.441685,-0.30696,4.58662,1,2.3
47.5292,-51.0148,1.8865,0.23141,4.1212,2,2.3
35.9343,-69.3218,0.277783,0.170456,4.68031,3,2.3
55.7781,-37.9161,-1.16079,0.00754457,2.60095,4,2.3
23.3208,-43.5076,-2.54622,0.0964858,4.3306,0,2.4
-16.3833,-82.4057,0.441685,-0.30696,4.58662,1,2.4
47.5292,-51.0148,1.8865,0.23141,4.1212,2,2.4
35.9343,-69.3218,0.277783,0.170456,4.68031,3,2.4
55.7781,-37.9161,-1.16079,0.00754457,2.60095,4,2.4
23.3208,-43.5076,-2.54622,0.0964858,4.3306,0,2.5
-16.3833,-82.4057,0.441685,-0.30696,4.58662,1,2.5
47.5292,-51.0148,1.8865,0.23141,4.1212,2,2.5
35.9343,-69.3218,0.277783,0.170456,4.68031,3,2.5
55.7781,-37.9161,-1.16079,0.00754457,2.60095,4,2.5
23.3208,-43.5076,-2.54622,0.0964858,4.3306,0,2.6
-16.3833,-82.4057,0.441685,-0.30696,4.58662,1,2.6
47.5292,-51.0148,1.8865,0.23141,4.1212,2,2.6
35.9343,-69.3218,0.277783,0.170456,4.68031,3,2.6
55.7781,-37.9161,-1.16079,0.00754457,2.60095,4,2.6
23.3208,-43.5076,-2.54622,0.0964858,4.3306,0,2.7
-16.3833,-82.4057,0.441685,-0.30696,4.58662,1,2.7
47.5292,-51.0148,1.8865,0.23141,4.1212,2,2.7
35.9343,-69.3218,0.277783,0.170456,4.68031,3,2.7
55.7781,-37.9161,-1.16079,0.00754457,2.60095,4,2.7
23.3208,-43.5076,-2.54622,0.0964858,4.3306,0,2.8
-16.3833,-82.4057,0.441685,-0.30696,4.58662,1,2.8
47.5292,-51.0148,1.8865,0.23141,4.1212,2,2.8
35.9343,-69.3218,0.277783,0.170456,4.68031,3,2.8
55.7781,-37.9161,-1.16079,0.00754457,2.60095,4,2.8
23.3208,-43.5076,-2.54622,0.0964858,4.3306,0,2.9
-16.3833,-82.4057,0.441685,-0.30696,4.58662,1,2.9
47.5292,-51.0148,1.8865,0.23141,4.1212,2,2.9
35.9343,-69.3218,0.277783,0.170456,4.68031,3,2.9
55.7781,-37.9161,-1.16079,0.00754457,2.60095,4,2.9
23.3208,-43.5076,-2.54622,0.0964858,4.3306,0,3
-16.3833,-82.4057,0.441685,-0.30696,4.58662,1,3
47.5292,-51.0148,1.8865,0.23141,4.1212,2,3
35.9343,-69.3218,0.277783,0.170456,4.68031,3,3
55.7781,-37.9161,-1.16079,0.00754457,2.60095,4,3
23.3208,-43.5076,-2.54622,0.0964858,4.3306,0,3.1
-16.3833,-82.4057,0.441685,-0.30696,4.58662,1,3.1
47.5292,-51.0148,1.8865,0.23141,4.1212,2,3.1
35.9343,-69.3218,0.277783,0.170456,4.68031,3,3.1
55.7781,-37.9161,-1.16079,0.00754457,2.60095,4,3.1
23.3208,-43.5076,-2.54622,0.0964858,4.3306,0,3.2
-16.3833,-82.4057,0.441685,-0.30696,4.58662,1,3.2
47.5292,-51.0148,1.8865,0.23141,4.1212,2,3.2
35.9343,-69.3218,0.277783,0.170456,4.68031,3,3.2
55.7781,-37.9161,-1.16079,0.00754457,2.60095,4,3.2
23.3208,-43.5076,-2.54622,0.0964858,4.3306,0,3.3
-16.3833,-82.4057,0.441685,-0.30696,4.58662,1,3.3
47.5292,-51.0148,1.8865,0.23141,4.1212,2,3.3
35.9343,-69.3218,0.277783,0.170456,4.68031,3,3.3
55.7781,-37.9161,-1.16079,0.00754457,2.60095,4,3.3
23.3208,-43.5076,-2.54622,0.0964858,4.3306,0,3.4
-16.3833,-82.4057,0.441685,-0.30696,4.58662,1,3.4
47.5292,-51.0148,1.8865,0.23141,4.1212,2,3.4
35.9343,-69.3218,0.277783,0.170456,4.68031,3,3.4
55.7781,-37.9161,-1.16079,0.00754457,2.60095,4,3.4
23.3208,-43.5076,-2.54622,0.0964858,4.3306,0,3.5
-16.3833,-82.4057,0.441685,-0.30696,4.58662,1,3.5
47.5292,-51.0148,1.8865,0.23141,4.1212,2,3.5
35.9343,-69.3218,0.277783,0.170456,4.68031,3,3.5
55.7781,-37.9161,-1.16079,0.00754457,2.60095,4,3.5
23.3208,-43.5076,-2.54622,0.0964858,4.3306,0,3.6
-16.3833,-82.4057,0.441685,-0.30696,4.58662,1,3.6
47.5292,-51.0148,1.8865,0.23141,4.1212,2,3.6
35.9343,-69.3218,0.277783,0.170456,4.68031,3,3.6
55.7781,-37.9161,-1.16079,0.00754457,2.60095,4,3.6
23.3208,-43.5076,-2.54622,0.0964858,4.3306,0,3.7
-16.3833,-82.4057,0.441685,-0.30696,4.58662,1,3.7
47.5292,-51.0148,1.8865,0.23141,4.1212,2,3.7
35.9343,-69.3218,0.277783,0.170456,4.68031,3,3.7
55.7781,-37.9161,-1.16079,0.00754457,2.60095,4,3.7
23.3208,-43.5076,-2.54622,0.0964858,4.3306,0,3.8
-16.3833,-82.4057,0.441685,-0.30696,4.58662,1,3.8
47.5292,-51.0148,1.8865,0.23141,4.1212,2,3.8
35.9343,-69.3218,0.277783,0.170456,4.68031,3,3.8
55.7781,-37.9161,-1.16079,0.00754457,2.60095,4,3.8
23.3208,-43.5076,-2.54622,0.0964858,4.3306,0,3.9
-16.3833,-82.4057,0.441685,-0.30696,4.58662,1,3.9
47.5292,-51.0148,1.8865,0.23141,4.1212,2,3.9
35.9343,-69.3218,0.277783,0.170456,4.68031,3,3.9
55.7781,-37.9161,-1.16079,0.00754457,2.60095,4,3.9
22.9893,-43.7332,-2.54501,-0.0769275,3.68728,0,4
-15.983,-82.2219,0.425548,0.0231377,4.22326,1,4
47.3974,-50.6268,1.90961,0.212244,4.07551,2,4
36.3788,-69.1903,0.29723,0.162052,4.5905,3,4
55.8859,-38.1638,-1.15989,0.0188471,2.80246,4,4
22.6879,-43.9378,-2.54195,0.144729,3.59935,0,4.1
-15.6094,-82.0517,0.429649,0.0570503,3.98871,1,4.1
47.2585,-50.2461,1.93166,0.216562,4.02794,2,4.1
36.8117,-69.0531,0.317048,0.183597,4.4934,3,4.1
56.0019,-38.4296,-1.15874,0.0129902,2.99706,4,4.1
22.4058,-44.1336,-2.52686,0.204027,3.26782,0,4.2
-15.2636,-81.8921,0.435123,0.0578058,3.62813,1,4.2
47.113,-49.8734,1.9547,0.236102,3.97498,2,4.2
37.2341,-68.9098,0.337087,0.17202,4.42629,3,4.2
56.1257,-38.7125,-1.1578,0.0113173,3.17884,4,4.2
22.1626,-44.3073,-2.51755,0.0382005,2.70999,0,4.3
-14.939,-81.7402,0.440027,0.0515452,3.53948,1,4.3
46.9608,-49.5093,1.97907,0.248248,3.91711,2,4.3
37.6474,-68.7604,0.35676,0.182316,4.3645,3,4.3
56.2568,-39.0113,-1.15644,0.0221138,3.34709,4,4.3
21.9443,-44.4659,-2.50647,0.285902,2.68696,0,4.4
-14.6358,-81.5967,0.443932,0.0413107,3.16946,1,4.4
46.8019,-49.1536,2.00252,0.224175,3.875,2,4.4
38.0529,-68.6047,0.375944,0.167411,4.32163,3,4.4
56.3952,-39.3252,-1.1546,0.0206672,3.51491,4,4.4
21.7292,-44.6278,-2.48648,0.29183,2.69653,0,4.5
-14.3455,-81.4581,0.447348,0.0435965,3.26357,1,4.5
46.6363,-48.8043,2.02456,0.224413,3.85608,2,4.5
38.452,-68.4429,0.394489,0.173742,4.29182,3,4.5
56.5406,-39.6532,-1.15251,0.0258946,3.661,4,4.5
21.5278,-44.7856,-2.46723,0.292723,2.42026,0,4.6
-14.0735,-81.3271,0.450258,0.0331907,2.77472,1,4.6
46.4636,-48.4596,2.0455,0.20329,3.856,2,4.6
38.8464,-68.2745,0.412427,0.157811,4.28459,3,4.6
56.6918,-39.9922,-1.14982,0.0321232,3.76177,4,4.6
21.3277,-44.9493,-2.44349,0.408006,2.75183,0,4.7
-13.8351,-81.2115,0.4524,0.0314447,2.52424,1,4.7
46.2838,-48.1179,2.06464,0.188311,3.86539,2,4.7
39.2366,-68.0998,0.429564,0.160142,4.26655,3,4.7
56.8477,-40.339,-1.14717,0.0235072,3.84324,4,4.7
21.1269,-45.1223,-2.4176,0.335773,2.54847,0,4.8
-13.6005,-81.0972,0.454344,0.028162,2.69572,1,4.8
46.0969,-47.7782,2.08239,0.173778,3.88946,2,4.8
39.6231,-67.9188,0.445981,0.145191,4.26894,3,4.8
57.0069,-40.6911,-1.14478,0.0259451,3.8857,4,4.8
20.9394,-45.2919,-2.39559,0.334297,2.50816,0,4.9
-13.351,-80.9751,0.455908,0.0169908,2.85867,1,4.9
45.9025,-47.4385,2.09856,0.153833,3.93788,2,4.9
40.0057,-67.732,0.462741,0.167156,4.24687,3,4.9
57.1684,-41.0458,-1.14235,0.02403,3.9085,4,4.9
20.7556,-45.4657,-2.37201,0.379229,2.5508,0,5
-13.087,-80.8454,0.45757,0.0281038,3.02375,1,5
45.7004,-47.0975,2.11305,0.136692,3.99049,2,5
40.3835,-67.5394,0.479931,0.154285,4.2356,3,5
57.3317,-41.402,-1.13991,0.0256803,3.9288,4,5
20.5701,-45.6501,-2.34624,0.371505,2.68155,0,5.1
-12.7921,-80.6998,0.459768,0.0254049,3.55464,1,5.1
45.4908,-46.755,2.12687,0.136782,4.04057,2,5.1
40.7559,-67.3415,0.497338,0.172993,4.19843,3,5.1
57.496,-41.7584,-1.13753,0.0228051,3.92018,4,5.1
20.3865,-45.8426,-2.31863,0.415636,2.63791,0,5.2
-12.4623,-80.536,0.461844,0.0197632,3.80933,1,5.2
45.2736,-46.4109,2.14023,0.124446,4.0976,2,5.2
41.1226,-67.1382,0.514905,0.15913,4.18645,3,5.2
57.6604,-42.113,-1.13563,0.0161042,3.89635,4,5.2
20.2078,-46.0409,-2.28986,0.39809,2.70273,0,5.3
-12.1119,-80.3612,0.463595,0.0160321,4.02309,1,5.3
45.0497,-46.0661,2.1536,0.134406,4.12445,2,5.3
41.4838,-66.9298,0.531926,0.164524,4.15437,3,5.3
57.8245,-42.4652,-1.13421,0.0132565,3.87558,4,5.3
20.0255,-46.2557,-2.25863,0.436069,2.93201,0,5.4
-11.7362,-80.173,0.465095,0.0125846,4.38069,1,5.4
44.819,-45.7213,2.16705,0.12346,4.17306,2,5.4
41.8398,-66.7163,0.548379,0.149912,4.14876,3,5.4
57.9878,-42.8146,-1.13316,0.00839137,3.83691,4,5.4
19.8308,-46.5013,-2.22412,0.394556,3.33497,0,5.5
-11.3303,-79.9689,0.466705,0.015724,4.70669,1,5.5
44.5816,-45.3764,2.18032,0.128742,4.20123,2,5.5
42.1914,-66.4977,0.564081,0.151221,4.1309,3,5.5
58.1494,-43.1598,-1.13255,0.0043999,3.78653,4,5.5
19.6332,-46.7686,-2.1913,0.357529,3.31387,0,5.6
-10.9042,-79.7538,0.468201,0.00936879,4.83852,1,5.6
44.3389,-45.0342,2.1954,0.15676,4.18953,2,5.6
42.5387,-66.2743,0.579036,0.136497,4.12789,3,5.6
58.3091,-43.5005,-1.13266,-0.00660919,3.739,4,5.6
19.4445,-47.0418,-2.15926,0.379163,3.32747,0,5.7
-10.4647,-79.5312,0.469142,0.00593691,5.0156,1,5.7
44.0911,-44.6962,2.21159,0.149929,4.19332,2,5.7
42.8826,-66.0459,0.593065,0.133706,4.12856,3,5.7
58.4663,-43.8364,-1.13355,-0.0127171,3.67785,4,5.7
19.2649,-47.3206,-2.12671,0.368991,3.30456,0,5.8
-10.0151,-79.3032,0.469689,0.00274821,5.06497,1,5.8
43.8391,-44.3646,2.2305,0.209454,4.13556,2,5.8
43.224,-65.8125,0.606345,0.121747,4.14428,3,5.8
58.6205,-44.1668,-1.13517,-0.0228333,3.61426,4,5.8
19.0943,-47.605,-2.09554,0.350203,3.32938,0,5.9
-9.5601,-79.0722,0.469907,0.000675938,5.14188,1,5.9
43.5848,-44.0447,2.25532,0.267284,4.03794,2,5.9
43.5639,-65.5736,0.618753,0.116049,4.16491,3,5.9
58.7713,-44.4916,-1.13726,-0.0237767,3.54914,4,5.9
18.9332,-47.8929,-2.06682,0.319854,3.26923,0,6
-9.11225,-78.8447,0.47007,0.00193123,4.9045,1,6
43.3288,-43.74,2.28477,0.308284,3.92239,2,6
43.8982,-65.3317,0.635774,0.211086,4.08704,3,6
58.9186,-44.8107,-1.13935,-0.0239475,3.48004,4,6
18.7807,-48.184,-2.04058,0.2983,3.30425,0,6.1
-8.67855,-78.6244,0.469813,-0.00617675,4.82444,1,6.1
43.0713,-43.4522,2.31687,0.333601,3.80233,2,6.1
44.2216,-65.0875,0.657612,0.213524,4.01801,3,6.1
59.0622,-45.1235,-1.141,-0.0142195,3.40361,4,6.1
18.6355,-48.4789,-2.01623,0.277703,3.26938,0,6.2
-8.24098,-78.4023,0.469559,0.00197723,4.98931,1,6.2
42.8119,-43.1804,2.34851,0.316287,3.71069,2,6.2
44.5303,-64.8427,0.68572,0.342405,3.86303,3,6.2
59.2022,-45.4293,-1.14164,-0.0011314,3.32252,4,6.2
18.4977,-48.776,-1.99432,0.245255,3.28146,0,6.3
-7.79066,-78.1738,0.469575,-0.00170547,5.1104,1,6.3
42.5497,-42.9222,2.37976,0.33869,3.64999,2,6.3
44.8208,-64.5967,0.719344,0.33694,3.74889,3,6.3
59.3383,-45.7267,-1.14141,0.0067985,3.21847,4,6.3
18.3659,-49.0766,-1.97397,0.240857,3.28348,0,6.4
-7.33027,-77.9403,0.469152,-0.00483482,5.21418,1,6.4
42.2837,-42.6766,2.41231,0.351661,3.59185,2,6.4
45.0931,-64.3497,0.755795,0.418166,3.60514,3,6.4
59.4702,-46.0142,-1.13996,0.0301691,3.10842,4,6.4
18.2389,-49.3827,-1.95433,0.224795,3.34313,0,6.5
-6.8625,-77.7033,0.468705,-0.00199865,5.27307,1,6.5
42.0139,-42.4431,2.44381,0.327238,3.54373,2,6.5
45.3455,-64.1022,0.795253,0.421831,3.46377,3,6.5
59.5983,-46.2916,-1.13551,0.0864004,3.00123,4,6.5
18.116,-49.6967,-1.9321,0.290467,3.40188,0,6.6
-6.40117,-77.4699,0.468181,-0.00613062,5.06779,1,6.6
41.7404,-42.2206,2.47353,0.322976,3.50912,2,6.6
45.5796,-63.8543,0.832723,0.406154,3.35742,3,6.6
59.7232,-46.5577,-1.12756,0.129565,2.87832,4,6.6
18,-50.0161,-1.90672,0.290061,3.39462,0,6.7
-5.94428,-77.2391,0.46731,-0.00747056,5.1696,1,6.7
41.4625,-42.0078,2.50278,0.322278,3.49134,2,6.7
45.7972,-63.6058,0.871491,0.471754,3.24869,3,6.7
59.8449,-46.8107,-1.11708,0.167083,2.73693,4,6.7
17.8901,-50.3435,-1.88278,0.251099,3.51202,0,6.8
-5.47371,-77.002,0.465832,-0.0149303,5.36861,1,6.8
41.1795,-41.8038,2.53054,0.29391,3.48668,2,6.8
45.9981,-63.3569,0.911827,0.462467,3.14913,3,6.8
59.963,-47.0492,-1.10453,0.205985,2.58699,4,6.8
17.7854,-50.6827,-1.85677,0.318586,3.5892,0,6.9
-4.98591,-76.7573,0.464461,-0.00521981,5.54655,1,6.9
40.8907,-41.6071,2.5565,0.283764,3.50098,2,6.9
46.1834,-63.1074,0.952469,0.50152,3.06616,3,6.9
60.0771,-47.272,-1.09034,0.240566,2.41783,4,6.9
17.6895,-51.0283,-1.82583,0.346068,3.58268,0,7
-4.49307,-76.5106,0.463666,-0.00631524,5.47613,1,7
40.5957,-41.4169,2.58151,0.271652,3.51851,2,7
46.354,-62.8569,0.993289,0.486508,2.99688,3,7
60.186,-47.4772,-1.07518,0.270185,2.22969,4,7
17.6057,-51.3724,-1.79339,0.35607,3.5024,0,7.1
-4.0082,-76.2681,0.464377,0.0168841,5.3665,1,7.1
40.2943,-41.2328,2.60466,0.241162,3.54651,2,7.1
46.5115,-62.6047,1.03154,0.463939,2.94953,3,7.1
60.2888,-47.664,-1.0597,0.295651,2.03402,4,7.1
17.5341,-51.7135,-1.76236,0.3281,3.4685,0,7.2
-3.5388,-76.0327,0.464811,-0.0104701,5.13605,1,7.2
39.9857,-41.0535,2.62541,0.215871,3.59135,2,7.2
46.6574,-62.3503,1.06888,0.477907,2.91695,3,7.2
60.3837,-47.8302,-1.04391,0.342552,1.79338,4,7.2
17.4738,-52.0539,-1.72835,0.421424,3.44423,0,7.3
-3.06932,-75.7976,0.46388,-0.00376613,5.3651,1,7.3
39.6714,-40.8796,2.6478,0.272576,3.59289,2,7.3
46.7928,-62.0923,1.10569,0.458096,2.90949,3,7.3
60.4676,-47.9717,-1.02704,0.43817,1.49674,4,7.3
17.4261,-52.396,-1.69054,0.40393,3.46465,0,7.4
-2.582,-75.5539,0.463433,-0.0028123,5.53175,1,7.4
39.3523,-40.7129,2.67233,0.259514,3.60764,2,7.4
46.9187,-61.8298,1.14144,0.454935,2.91362,3,7.4
60.5361,-48.0829,-1.00887,0.582808,1.11567,4,7.4
17.3896,-52.7347,-1.67119,0.0357014,3.34869,0,7.5
-2.08102,-75.3035,0.463732,0.0070527,5.66938,1,7.5
39.0302,-40.5547,2.69845,0.307183,3.56841,2,7.5
47.0354,-61.5626,1.17571,0.423971,2.91853,3,7.5
60.5848,-48.159,-0.994835,0.523399,0.69231,4,7.5
17.3573,-53.0748,-1.65606,0.310874,3.48462,0,7.6
-1.58085,-75.0531,0.464586,0.00515186,5.51785,1,7.6
38.7063,-40.4064,2.72603,0.293384,3.5567,2,7.6
47.1442,-61.2895,1.20773,0.397766,2.96172,3,7.6
60.6145,-48.2045,-0.986914,0.534234,0.393433,4,7.6
17.3325,-53.4204,-1.62854,0.304438,3.44421,0,7.7
-1.09308,-74.8086,0.464391,-0.00806036,5.39442,1,7.7
38.3797,-40.2674,2.7519,0.273982,3.54233,2,7.7
47.2463,-61.0081,1.23719,0.352376,3.02438,3,7.7
60.6316,-48.2301,-0.982386,0.528792,0.222343,4,7.7
17.3174,-53.7741,-1.59735,0.372149,3.63727,0,7.8
-0.596824,-74.5608,0.461308,-0.0361415,5.69962,1,7.8
38.0541,-40.1387,2.77917,0.330199,3.4604,2,7.8
47.3427,-60.7171,1.26386,0.317496,3.10705,3,7.8
60.6412,-48.2445,-0.97986,0.528871,0.123386,4,7.8
17.3139,-54.1351,-1.56458,0.324111,3.58424,0,7.9
-0.0963591,-74.3131,0.458598,-0.00243548,5.46838,1,7.9
37.7308,-40.0214,2.80805,0.317601,3.41934,2,7.9
47.4342,-60.4153,1.2884,0.285895,3.20184,3,7.9
60.6465,-48.2523,-0.978485,0.52822,0.0650656,4,7.9
17.3213,-54.4918,-1.5356,0.304074,3.55117,0,8
0.379162,-74.0783,0.459091,0.0100031,5.13851,1,8
37.4079,-39.9149,2.83868,0.374097,3.38115,2,8
47.5216,-60.1007,1.31077,0.249347,3.32729,3,8
60.649,-48.2561,-0.977831,0.511626,0.0260212,4,8
17.3385,-54.8451,-1.50906,0.279071,3.52282,0,8.1
0.822296,-73.8589,0.46024,0.00855304,4.75073,1,8.1
37.0848,-39.8197,2.87103,0.359404,3.35554,2,8.1
47.6055,-59.7718,1.33086,0.215724,3.46281,3,8.1
60.6498,-48.2572,-0.977632,0.507501,0.0024942,4,8.1
17.3645,-55.1952,-1.48458,0.264718,3.49951,0,8.2
1.23213,-73.6554,0.461507,0.0136769,4.40058,1,8.2
36.7606,-39.7351,2.90144,0.337013,3.34614,2,8.2
47.6863,-59.4279,1.34837,0.175938,3.60207,3,8.2
60.6496,-48.2569,-0.977688,0.506195,-0.0105429,4,8.2
17.3986,-55.5423,-1.46129,0.257465,3.47601,0,8.3
1.61598,-73.4643,0.46249,0.00458216,4.17593,1,8.3
36.4364,-39.6609,2.93287,0.385698,3.30583,2,8.3
47.7638,-59.0716,1.36558,0.197159,3.6895,3,8.3
60.6488,-48.2558,-0.977877,0.507514,-0.0167415,4,8.3
17.4405,-55.8875,-1.43948,0.233966,3.47877,0,8.4
1.98605,-73.2796,0.463561,0.016168,4.09603,1,8.4
36.113,-39.598,2.96567,0.372324,3.28312,2,8.4
47.8365,-58.7056,1.38309,0.173976,3.77517,3,8.4
60.6478,-48.2543,-0.978127,0.509897,-0.0192,4,8.4
17.4895,-56.2313,-1.41862,0.237791,3.46657,0,8.5
2.34781,-73.0988,0.462307,-0.0412173,3.9923,1,8.5
35.7909,-39.5462,2.99901,0.403741,3.24237,2,8.5
47.904,-58.3323,1.40124,0.204186,3.81058,3,8.5
60.6467,-48.2527,-0.978398,0.512784,-0.0193808,4,8.5
17.5459,-56.5751,-1.39814,0.224126,3.50167,0,8.6
2.7039,-72.9223,0.458037,-0.0446914,3.95636,1,8.6
35.4704,-39.5057,3.03266,0.38557,3.21874,2,8.6
47.965,-57.9542,1.4202,0.18667,3.85094,3,8.6
60.6457,-48.2511,-0.978661,0.515926,-0.0179001,4,8.6
17.6097,-56.92,-1.37761,0.235731,3.51278,0,8.7
3.05929,-72.7481,0.453459,-0.0477758,3.95947,1,8.7
35.1513,-39.4761,3.06564,0.395515,3.19114,2,8.7
48.0191,-57.5732,1.44024,0.224138,3.84415,3,8.7
60.6447,-48.2497,-0.978909,0.518766,-0.0169598,4,8.7
17.681,-57.2654,-1.35684,0.227036,3.54046,0,8.8
3.41341,-72.5768,0.447099,-0.0814347,3.90803,1,8.8
34.8332,-39.4571,3.09784,0.372784,3.18124,2,8.8
48.065,-57.1913,1.46154,0.211615,3.85042,3,8.8
60.6438,-48.2484,-0.979141,0.52157,-0.0154283,4,8.8
17.7599,-57.6106,-1.33502,0.256244,3.54199,0,8.9
3.76616,-72.4094,0.438543,-0.0934366,3.90058,1,8.9
34.5155,-39.4482,3.12901,0.374788,3.17592,2,8.9
48.1027,-56.8096,1.48425,0.253548,3.82097,3,8.9
60.643,-48.2472,-0.979348,0.524194,-0.0132027,4,8.9
17.8467,-57.9548,-1.31234,0.244202,3.55806,0,9
4.11691,-72.2468,0.4295,-0.0931445,3.83137,1,9
34.1976,-39.449,3.15926,0.35247,3.18237,2,9
48.131,-56.4296,1.50814,0.237867,3.80036,3,9
60.6423,-48.2461,-0.979527,0.526411,-0.0116332,4,9
17.9415,-58.2969,-1.2883,0.284806,3.54161,0,9.1
4.46572,-72.089,0.420048,-0.103742,3.82548,1,9.1
33.8783,-39.4592,3.1876,0.329494,3.20844,2,9.1
48.1502,-56.0516,1.5323,0.262139,3.76882,3,9.1
60.6417,-48.2453,-0.979682,0.528486,-0.00959856,4,9.1
18.0443,-58.6352,-1.26335,0.26526,3.53118,0,9.2
4.81581,-71.9346,0.411423,-0.0760813,3.82749,1,9.2
33.5574,-39.4784,3.21462,0.319148,3.22082,2,9.2
48.1598,-55.6779,1.55852,0.284878,3.70842,3,9.2
60.6412,-48.2445,-0.979819,0.530077,-0.00909858,4,9.2
18.1553,-58.9709,-1.23997,0.252013,3.53915,0,9.3
5.16647,-71.7832,0.403379,-0.092025,3.81133,1,9.3
33.2351,-39.5062,3.24038,0.297477,3.24963,2,9.3
48.1594,-55.309,1.58464,0.267035,3.66883,3,9.3
60.6407,-48.2438,-0.979945,0.530432,-0.00818828,4,9.3
18.2738,-59.3034,-1.21641,0.269554,3.52222,0,9.4
5.51855,-71.635,0.393028,-0.123854,3.82894,1,9.4
32.9108,-39.5424,3.26492,0.287096,3.27554,2,9.4
48.1498,-54.9446,1.6103,0.2818,3.62284,3,9.4
60.6403,-48.2431,-0.980063,0.530361,-0.00780115,4,9.4
18.4001,-59.6327,-1.19292,0.251212,3.53038,0,9.5
5.87244,-71.4904,0.383317,-0.0786115,3.8167,1,9.5
32.5842,-39.5868,3.28814,0.262139,3.31714,2,9.5
48.1308,-54.5854,1.63687,0.292995,3.57119,3,9.5
60.6399,-48.2425,-0.980172,0.530482,-0.00716797,4,9.5
18.534,-59.959,-1.16994,0.258798,3.5245,0,9.6
6.22867,-71.3485,0.374494,-0.104884,3.85237,1,9.6
32.2545,-39.6391,3.30983,0.246479,3.35923,2,9.6
48.1027,-54.2309,1.66276,0.273631,3.53994,3,9.6
60.6395,-48.2419,-0.980274,0.530465,-0.00674391,4,9.6
18.6756,-60.2829,-1.1474,0.240684,3.54506,0,9.7
6.58843,-71.2088,0.367076,-0.0485844,3.86614,1,9.7
31.921,-39.6993,3.33013,0.22385,3.41885,2,9.7
48.066,-53.88,1.68745,0.272238,3.51827,3,9.7
60.6391,-48.2413,-0.980372,0.530513,-0.00655602,4,9.7
18.8252,-60.6053,-1.12577,0.236771,3.5646,0,9.8
6.95159,-71.0704,0.360698,-0.0824473,3.90677,1,9.8
31.5831,-39.7672,3.34959,0.220489,3.47381,2,9.8
48.0208,-53.5309,1.71112,0.253204,3.52063,3,9.8
60.6388,-48.2409,-0.980457,0.530637,-0.00498469,4,9.8
18.9831,-60.9276,-1.10518,0.214335,3.6133,0,9.9
7.31939,-70.9332,0.354221,-0.0493784,3.94487,1,9.9
31.2409,-39.8429,3.36853,0.205225,3.53714,2,9.9
47.9675,-53.1825,1.73377,0.249942,3.52904,3,9.9
60.6385,-48.2405,-0.980521,0.530623,-0.00379511,4,9.9
19.1498,-61.2517,-1.08655,0.189133,3.67636,0,10
7.69082,-70.7971,0.347476,-0.0867804,3.96656,1,10
30.8945,-39.9263,3.3871,0.205884,3.58823,2,10
47.9063,-52.8342,1.75604,0.243662,3.54422,3,10
60.6384,-48.2402,-0.980565,0.53072,-0.00223384,4,10
19.3255,-61.579,-1.06988,0.166046,3.7525,0,10.1
8.06574,-70.6631,0.339402,-0.0751063,3.99668,1,10.1
30.5453,-40.0173,3.40628,0.213167,3.62822,2,10.1
47.8369,-52.485,1.77733,0.225835,3.57602,3,10.1
60.6383,-48.2401,-0.980589,0.530719,-0.00105076,4,10.1
19.5102,-61.9103,-1.05505,0.144506,3.83259,0,10.2
8.44421,-70.5313,0.32997,-0.112579,4.01823,1,10.2
30.1936,-40.1163,3.42536,0.198497,3.67985,2,10.2
47.7597,-52.1344,1.798,0.227013,3.60411,3,10.2
60.6382,-48.2401,-0.980598,0.530682,-7.76965e-05,4,10.2
19.7037,-62.2462,-1.04138,0.135591,3.92135,0,10.3
8.82642,-70.4026,0.31993,-0.0859459,4.04755,1,10.3
29.8397,-40.2231,3.44436,0.20711,3.7138,2,10.3
47.6744,-51.7823,1.81834,0.214663,3.6425,3,10.3
60.6382,-48.2401,-0.980596,0.530714,0.00029713,4,10.3
19.9065,-62.5877,-1.02876,0.117443,4.02278,0,10.4
9.21093,-70.2771,0.311259,-0.0851291,4.0421,1,10.4
29.4841,-40.3379,3.4632,0.190877,3.75891,2,10.4
47.5813,-51.429,1.839,0.230375,3.66415,3,10.4
60.6383,-48.2401,-0.98059,0.530713,0.000557498,4,10.4
20.1183,-62.9348,-1.01718,0.109317,4.10932,0,10.5
9.59762,-70.1547,0.301493,-0.106864,4.06992,1,10.5
29.1271,-40.4606,3.48202,0.202702,3.79212,2,10.5
47.4802,-51.0763,1.86113,0.242917,3.67375,3,10.5
60.6383,-48.2402,-0.98058,0.530693,0.0007851,4,10.5
20.3388,-63.2873,-1.00653,0.09495,4.20669,0,10.6
9.9878,-70.0359,0.289175,-0.133555,4.08761,1,10.6
28.769,-40.5913,3.50117,0.193936,3.83147,2,10.6
47.3709,-50.7246,1.88322,0.228139,3.69268,3,10.6
60.6383,-48.2402,-0.980572,0.530671,0.000295523,4,10.6
20.5677,-63.6449,-0.996409,0.095208,4.28493,0,10.7
10.3822,-69.9216,0.274776,-0.145136,4.12465,1,10.7
28.4108,-40.73,3.52085,0.210315,3.85157,2,10.7
47.2533,-50.3738,1.90523,0.238937,3.70806,3,10.7
60.6384,-48.2402,-0.980567,0.530667,0.000375616,4,10.7
20.8057,-64.0084,-0.985501,0.104904,4.40546,0,10.8
10.7829,-69.8119,0.259462,-0.147597,4.18533,1,10.8
28.0526,-40.877,3.54081,0.196509,3.8925,2,10.8
47.1275,-50.025,1.92894,0.262007,3.70706,3,10.8
60.6384,-48.2403,-0.980559,0.530699,0.000677995,4,10.8
21.054,-64.3781,-0.973289,0.113588,4.50019,0,10.9
11.1923,-69.7066,0.244377,-0.136035,4.26846,1,10.9
27.6939,-41.0324,3.56045,0.200033,3.92487,2,10.9
46.9931,-49.6788,1.95313,0.247598,3.72095,3,10.9
60.6384,-48.2403,-0.98055,0.530681,0.000609625,4,10.9
21.3123,-64.7527,-0.961385,0.0950146,4.60021,0,11
11.6112,-69.6055,0.228766,-0.151681,4.35092,1,11
27.3346,-41.1965,3.57939,0.179071,3.97563,2,11
46.85,-49.3349,1.97712,0.256705,3.7275,3,11
60.6385,-48.2404,-0.98054,0.530678,0.000724828,4,11
21.5793,-65.1304,-0.948842,0.121014,4.65063,0,11.1
12.0403,-69.5093,0.212499,-0.142165,4.444,1,11.1
26.9731,-41.3697,3.59651,0.159387,4.0423,2,11.1
46.6984,-48.9941,2.00157,0.256181,3.7327,3,11.1
60.6385,-48.2404,-0.980529,0.530706,0.00073619,4,11.1
21.852,-65.5043,-0.931156,0.182368,4.60548,0,11.2
12.4791,-69.4185,0.195597,-0.157264,4.51831,1,11.2
26.6083,-41.5517,3.61235,0.149048,4.11036,2,11.2
46.5379,-48.6556,2.02503,0.234718,3.76072,3,11.2
60.6385,-48.2405,-0.980519,0.530654,0.000694637,4,11.2
22.13,-65.8685,-0.904488,0.274939,4.55816,0,11.3
12.93,-69.3329,0.180849,-0.0986442,4.6603,1,11.3
26.2398,-41.7427,3.62684,0.128414,4.19035,2,11.3
46.3684,-48.3179,2.04683,0.218843,3.79572,3,11.3
60.6386,-48.2406,-0.980509,0.530665,0.000634237,4,11.3
22.4143,-66.2178,-0.870312,0.314507,4.44959,0,11.4
13.3935,-69.251,0.168453,-0.111249,4.75274,1,11.4
25.8681,-41.942,3.64066,0.132295,4.2451,2,11.4
46.1899,-47.9801,2.06692,0.195873,3.84622,3,11.4
60.6386,-48.2406,-0.9805,0.530659,0.000563646,4,11.4
22.7052,-66.5506,-0.835034,0.303428,4.39183,0,11.5
13.869,-69.1735,0.154952,-0.112001,4.88244,1,11.5
25.4941,-42.1492,3.65422,0.120027,4.30688,2,11.5
46.0022,-47.641,2.0852,0.177122,3.90586,3,11.5
60.6386,-48.2407,-0.980492,0.530657,0.000494282,4,11.5
23.0028,-66.8681,-0.79987,0.321777,4.31269,0,11.6
14.3535,-69.1014,0.139991,-0.131065,4.91607,1,11.6
25.1185,-42.3639,3.66758,0.125745,4.34485,2,11.6
45.8055,-47.2998,2.10188,0.158508,3.97163,3,11.6
60.6387,-48.2407,-0.980486,0.530653,0.000425367,4,11.6
23.3067,-67.1696,-0.762236,0.354573,4.24855,0,11.7
14.8449,-69.036,0.124997,-0.109787,4.99862,1,11.7
24.7423,-42.5857,3.68069,0.113376,4.39088,2,11.7
45.5998,-46.9557,2.1167,0.135158,4.04625,3,11.7
60.6387,-48.2407,-0.98048,0.530652,0.00036469,4,11.7
23.6178,-67.4556,-0.725194,0.319689,4.20395,0,11.8
15.3434,-68.9768,0.111657,-0.102035,5.04089,1,11.8
24.3661,-42.814,3.69379,0.123653,4.41121,2,11.8
45.3858,-46.6087,2.1302,0.128237,4.10635,3,11.8
60.6387,-48.2408,-0.980475,0.530651,0.000310324,4,11.8
23.9361,-67.7278,-0.689473,0.337788,4.17366,0,11.9
15.8486,-68.923,0.101347,-0.0600274,5.12024,1,11.9
23.9909,-43.0487,3.70708,0.115305,4.43939,2,11.9
45.164,-46.2593,2.1427,0.112294,4.17167,3,11.9
60.6387,-48.2408,-0.980471,0.530642,0.000254306,4,11.9
24.2615,-67.9861,-0.652472,0.346703,4.13495,0,12
16.3601,-68.8728,0.0944813,-0.046762,5.15853,1,12
23.6172,-43.2893,3.72061,0.127014,4.44994,2,12
44.935,-45.9082,2.15482,0.117893,4.21218,3,12
60.6387,-48.2408,-0.980467,0.530641,0.000209285,4,12
24.5939,-68.2304,-0.614934,0.351467,4.11549,0,12.1
16.8772,-68.8251,0.0902702,-0.0181483,5.22753,1,12.1
23.2456,-43.536,3.73418,0.11533,4.47026,2,12.1
44.6998,-45.5573,2.16771,0.125038,4.23567,3,12.1
60.6387,-48.2408,-0.980465,0.530643,0.000173621,4,12.1
24.9354,-68.4624,-0.579373,0.312028,4.14237,0,12.2
17.4009,-68.7783,0.0880697,-0.0153354,5.28792,1,12.2
22.8778,-43.7874,3.74897,0.148679,4.44034,2,12.2
44.4587,-45.2075,2.18072,0.118606,4.26252,3,12.2
60.6387,-48.2408,-0.980463,0.530645,5.18232e-05,4,12.2
25.2875,-68.6846,-0.546464,0.300377,4.18538,0,12.3
17.9314,-68.7319,0.0866871,-0.00545651,5.3633,1,12.3
22.5191,-44.0417,3.76901,0.212065,4.35383,2,12.3
44.2125,-44.8603,2.1951,0.15013,4.25035,3,12.3
60.6387,-48.2408,-0.980463,0.530646,-2.08595e-05,4,12.3
25.6507,-68.8976,-0.51474,0.285022,4.23655,0,12.4
18.4681,-68.6856,0.0850026,-0.0195384,5.40987,1,12.4
22.1722,-44.2995,3.79207,0.208328,4.29056,2,12.4
43.963,-44.5206,2.21469,0.217629,4.17894,3,12.4
60.6387,-48.2408,-0.980463,0.530643,-5.86766e-05,4,12.4
26.0273,-69.1034,-0.486701,0.226374,4.34584,0,12.5
19.0086,-68.6404,0.0816715,-0.0295689,5.43921,1,12.5
21.8371,-44.5608,3.81634,0.241186,4.20659,2,12.5
43.7112,-44.1936,2.24062,0.274905,4.07523,3,12.5
60.6387,-48.2408,-0.980465,0.530627,-0.000229261,4,12.5
26.4208,-69.3056,-0.463248,0.191688,4.50214,0,12.6
19.5509,-68.5971,0.0777468,-0.0281384,5.43947,1,12.6
21.5143,-44.8258,3.84149,0.231437,4.14817,2,12.6
43.4562,-43.8809,2.26889,0.271504,3.99594,3,12.6
60.6387,-48.2408,-0.980469,0.530633,-0.00031653,4,12.6
26.8394,-69.5098,-0.446574,0.093601,4.81444,0,12.7
20.0885,-68.557,0.0695657,-0.0932622,5.34305,1,12.7
21.2047,-45.0937,3.86969,0.306168,4.04006,2,12.7
43.198,-43.582,2.29841,0.309558,3.90206,3,12.7
60.6387,-48.2408,-0.980475,0.530593,-0.000475412,4,12.7
27.2896,-69.7225,-0.436503,0.0681388,5.14411,0,12.8
20.6143,-68.5248,0.0506314,-0.192568,5.1924,1,12.8
20.9104,-45.3645,3.90114,0.303389,3.95785,2,12.8
42.9372,-43.2985,2.33095,0.342194,3.80349,3,12.8
60.6387,-48.2407,-0.980483,0.530607,-0.000540446,4,12.8
27.7617,-69.9412,-0.432923,-0.0128428,5.26199,0,12.9
21.1252,-68.5061,0.0205696,-0.269546,5.03394,1,12.9
20.632,-45.6377,3.93511,0.36728,3.84317,2,12.9
42.674,-43.031,2.36565,0.366397,3.70227,3,12.9
60.6386,-48.2406,-0.980494,0.530558,-0.00102268,4,12.9
28.2434,-70.1642,-0.433984,-0.00316895,5.35341,0,13
21.6232,-68.505,-0.0169217,-0.315514,4.92599,1,13
20.3704,-45.9134,3.97122,0.358804,3.7592,2,13
42.4079,-42.7788,2.39996,0.349867,3.63008,3,13
60.6386,-48.2406,-0.980509,0.530615,-0.00095709,4,13
28.7331,-70.3909,-0.432524,0.0247295,5.43935,0,13.1
22.1129,-68.5233,-0.058246,-0.33511,4.87553,1,13.1
20.1247,-46.1918,4.008,0.395587,3.66861,2,13.1
42.1387,-42.5402,2.43345,0.363146,3.56458,3,13.1
60.6385,-48.2405,-0.98052,0.530656,-0.000595918,4,13.1
29.2231,-70.6173,-0.435359,-0.0669394,5.35579,0,13.2
22.6005,-68.5615,-0.0966459,-0.273343,4.90641,1,13.2
19.8944,-46.4732,4.04513,0.37992,3.60384,2,13.2
41.8663,-42.3148,2.46722,0.366617,3.50701,3,13.2
60.6385,-48.2405,-0.980529,0.530614,-0.000573663,4,13.2
29.7039,-70.8435,-0.443636,-0.0574866,5.27177,0,13.3
23.0929,-68.6173,-0.128309,-0.227092,5.00601,1,13.3
19.6785,-46.7578,4.08172,0.397787,3.54169,2,13.3
41.59,-42.1013,2.4999,0.349759,3.47799,3,13.3
60.6385,-48.2404,-0.980534,0.530687,-0.00021252,4,13.3
30.174,-71.0691,-0.451313,-0.0601888,5.15563,0,13.4
23.5951,-68.689,-0.154158,-0.175173,5.14011,1,13.4
19.4766,-47.0454,4.11916,0.408005,3.48635,2,13.4
41.3088,-41.898,2.53127,0.344003,3.46214,3,13.4
60.6385,-48.2404,-0.980536,0.530672,3.85837e-05,4,13.4
30.6297,-71.2924,-0.460698,-0.0876049,4.9952,0,13.5
24.1089,-68.7742,-0.172844,-0.110091,5.2762,1,13.5
19.2879,-47.3367,4.15552,0.385459,3.45487,2,13.5
41.0223,-41.7041,2.56186,0.336048,3.45569,3,13.5
60.6385,-48.2404,-0.980537,0.530594,-0.000213281,4,13.5
31.0677,-71.513,-0.472562,-0.105427,4.8131,0,13.6
24.6357,-68.8691,-0.181928,-0.0257853,5.42903,1,13.6
19.1109,-47.6324,4.19014,0.378578,3.43915,2,13.6
40.7294,-41.5185,2.59117,0.316036,3.48117,3,13.6
60.6385,-48.2404,-0.980537,0.530685,0.00020997,4,13.6
31.4864,-71.7309,-0.488282,-0.159758,4.6269,0,13.7
25.1771,-68.969,-0.181713,0.0286596,5.58147,1,13.7
18.9442,-47.9336,4.22309,0.352817,3.44508,2,13.7
40.4286,-41.3396,2.61915,0.302938,3.51781,3,13.7
60.6385,-48.2404,-0.980533,0.530598,0.000263559,4,13.7
31.883,-71.9467,-0.509716,-0.215919,4.4032,0,13.8
25.7312,-69.0689,-0.173512,0.0875065,5.68042,1,13.8
18.7863,-48.2415,4.25386,0.330568,3.47519,2,13.8
40.1187,-41.1667,2.64574,0.279572,3.58018,3,13.8
60.6385,-48.2405,-0.980528,0.530683,0.000507323,4,13.8
32.2542,-72.1606,-0.536872,-0.281075,4.1659,0,13.9
26.2978,-69.1633,-0.154636,0.173405,5.80796,1,13.9
18.6363,-48.557,4.28323,0.318392,3.51165,2,13.9
39.7944,-40.9962,2.66798,0.197138,3.7469,3,13.9
60.6385,-48.2405,-0.980521,0.530694,0.000451411,4,13.9
32.5978,-72.3725,-0.569243,-0.340168,3.90744,0,14
26.8716,-69.2447,-0.126101,0.21553,5.78176,1,14
18.4933,-48.8815,4.31111,0.290914,3.58255,2,14
39.4506,-40.8239,2.68536,0.160848,3.94532,3,14
60.6385,-48.2405,-0.980517,0.530618,0.000102151,4,14
32.9123,-72.5814,-0.604191,-0.36921,3.64511,0,14.1
27.4448,-69.3069,-0.0878992,0.302269,5.75164,1,14.1
18.3559,-49.2177,4.33722,0.26907,3.68056,2,14.1
39.0852,-40.6481,2.70035,0.132959,4.16321,3,14.1
60.6385,-48.2405,-0.980515,0.530651,5.13497e-05,4,14.1
33.1983,-72.7862,-0.639106,-0.386949,3.38928,0,14.2
28.0161,-69.3429,-0.0355206,0.398965,5.69829,1,14.2
18.2238,-49.5659,4.36164,0.243983,3.76862,2,14.2
38.6995,-40.4684,2.70939,0.0371483,4.34748,3,14.2
60.6385,-48.2405,-0.980517,0.530619,-0.000243476,4,14.2
33.458,-72.9861,-0.672226,-0.381215,3.16608,0,14.3
28.5746,-69.3459,0.0257448,0.428028,5.4735,1,14.3
18.0947,-49.9305,4.38119,0.155557,3.96757,2,14.3
38.2989,-40.2843,2.71102,-0.00730479,4.46964,3,14.3
60.6385,-48.2405,-0.980524,0.530605,-0.000711866,4,14.3
33.6951,-73.1807,-0.702683,-0.374896,2.96827,0,14.4
29.1097,-69.3171,0.0793473,0.331752,5.24596,1,14.4
17.9649,-50.3172,4.39544,0.122335,4.1902,2,14.4
37.8934,-40.097,2.70535,-0.0941775,4.46478,3,14.4
60.6385,-48.2404,-0.980534,0.530655,-0.000637394,4,14.4
33.9137,-73.3712,-0.730481,-0.357171,2.8321,0,14.5
29.6178,-69.2681,0.10786,0.103842,4.96339,1,14.5
17.8329,-50.727,4.40451,0.0463761,4.41969,2,14.5
37.4905,-39.9063,2.6934,-0.119464,4.45019,3,14.5
60.6384,-48.2404,-0.980543,0.530634,-0.000644965,4,14.5
34.1194,-73.5603,-0.756374,-0.352726,2.7564,0,14.6
30.1011,-69.2158,0.101104,-0.216203,4.75881,1,14.6
17.6973,-51.1562,4.40813,0.0181166,4.58368,2,14.6
37.0942,-39.712,2.67685,-0.178317,4.37735,3,14.6
60.6384,-48.2404,-0.980547,0.53072,5.75628e-05,4,14.6
34.3176,-73.752,-0.781225,-0.339278,2.75822,0,14.7
30.5679,-69.176,0.0654348,-0.374624,4.61056,1,14.7
17.5593,-51.5957,4.40659,-0.0446428,4.62808,2,14.7
36.7076,-39.5133,2.65657,-0.190721,4.31697,3,14.7
60.6384,-48.2404,-0.980544,0.53069,0.000440894,4,14.7
34.5131,-73.9507,-0.80515,-0.322245,2.81629,0,14.8
31.0252,-69.1563,0.0212257,-0.362604,4.54505,1,14.8
17.4181,-52.0378,4.39952,-0.0771554,4.6543,2,14.8
36.3294,-39.309,2.63611,-0.185593,4.27903,3,14.8
60.6385,-48.2404,-0.980536,0.530687,0.000628257,4,14.8
34.7093,-74.1596,-0.828241,-0.301364,2.9157,0,14.9
31.4826,-69.1557,-0.0171911,-0.285339,4.60467,1,14.9
17.2729,-52.4784,4.38768,-0.126191,4.62398,2,14.9
35.9622,-39.1003,2.61172,-0.268542,4.16866,3,14.9
60.6385,-48.2405,-0.980526,0.530678,0.000671686,4,14.9
34.9085,-74.3816,-0.850038,-0.267555,3.05053,0,15
31.9545,-69.171,-0.0452335,-0.181651,4.83683,1,15
17.1226,-52.9144,4.37276,-0.131253,4.5995,2,15
35.6094,-38.8869,2.58373,-0.261562,4.07846,3,15
60.6385,-48.2405,-0.980517,0.530667,0.000649484,4,15
35.1126,-74.6188,-0.870255,-0.238492,3.20729,0,15.1
32.4392,-69.197,-0.0595573,-0.05316,4.87129,1,15.1
16.9675,-53.3403,4.35137,-0.241922,4.46681,2,15.1
35.2695,-38.6684,2.55662,-0.262942,4.00301,3,15.1
60.6386,-48.2406,-0.980508,0.530665,0.000601016,4,15.1
35.3224,-74.8725,-0.888875,-0.206664,3.37801,0,15.2
32.9211,-69.2261,-0.0585235,0.0706357,4.78516,1,15.2
16.806,-53.7509,4.32412,-0.242653,4.35657,2,15.2
34.9405,-38.4442,2.5309,-0.24272,3.95955,3,15.2
60.6386,-48.2406,-0.980499,0.530652,0.000533677,4,15.2
35.5383,-75.1432,-0.905811,-0.179934,3.54717,0,15.3
33.3921,-69.2508,-0.0441588,0.172101,4.64783,1,15.3
16.6373,-54.1485,4.29855,-0.222229,4.28256,2,15.3
34.6199,-38.214,2.50696,-0.233252,3.93395,3,15.3
60.6386,-48.2407,-0.980492,0.530654,0.000466492,4,15.3
35.7604,-75.431,-0.920892,-0.149213,3.7223,0,15.4
33.8477,-69.2658,-0.0201157,0.243994,4.47006,1,15.4
16.4619,-54.5351,4.27433,-0.226477,4.20863,2,15.4
34.3056,-37.9771,2.48486,-0.208567,3.93852,3,15.4
60.6387,-48.2407,-0.980486,0.5306,0.000298645,4,15.4
35.988,-75.7349,-0.934664,-0.138972,3.87249,0,15.5
34.2853,-69.2682,0.00999686,0.293468,4.28163,1,15.5
16.2804,-54.9107,4.24981,-0.235483,4.13364,2,15.5
33.9949,-37.7326,2.46518,-0.184644,3.9681,3,15.5
60.6387,-48.2407,-0.980484,0.530637,4.74538e-06,4,15.5
36.2205,-76.0541,-0.947587,-0.121483,4.02499,0,15.6
34.7058,-69.2574,0.041425,0.287323,4.13104,1,15.6
16.0929,-55.275,4.2243,-0.252615,4.0616,2,15.6
33.6857,-37.4798,2.44773,-0.161302,4.02097,3,15.6
60.6387,-48.2407,-0.980485,0.53063,-0.000105181,4,15.6
36.4579,-76.3885,-0.959122,-0.102677,4.17753,0,15.7
35.1106,-69.2343,0.073142,0.319216,3.97962,1,15.7
15.8991,-55.6292,4.19946,-0.229953,4.01393,2,15.7
33.3758,-37.2179,2.43248,-0.137359,4.09273,3,15.7
60.6387,-48.2407,-0.980489,0.530609,-0.000444743,4,15.7
36.6996,-76.7371,-0.969922,-0.100312,4.30683,0,15.8
35.499,-69.1992,0.107977,0.367256,3.82048,1,15.8
15.6992,-55.9746,4.17588,-0.234152,3.96887,2,15.8
33.0639,-36.9465,2.41919,-0.118408,4.17736,3,15.8
60.6386,-48.2406,-0.980498,0.530623,-0.000748032,4,15.8
36.945,-77.0991,-0.980133,-0.0860067,4.43933,0,15.9
35.8716,-69.1521,0.143237,0.351138,3.69065,1,15.9
15.4934,-56.3115,4.15227,-0.235349,3.9267,2,15.9
32.7486,-36.6653,2.40758,-0.10056,4.2718,3,15.9
60.6386,-48.2406,-0.980512,0.530628,-0.00118428,4,15.9
37.1967,-77.4777,-0.986972,-0.0345875,4.65256,0,16
36.2317,-69.0942,0.175266,0.324346,3.60366,1,16
15.2819,-56.6402,4.12915,-0.229424,3.89052,2,16
32.4294,-36.3743,2.39728,-0.089693,4.36678,3,16
60.6385,-48.2404,-0.980534,0.530599,-0.00187973,4,16
37.4576,-77.874,-0.989769,-0.0126962,4.83786,0,16.1
36.5816,-69.0267,0.205972,0.339559,3.523,1,16.1
15.0644,-56.9621,4.1074,-0.211225,3.8785,2,16.1
32.106,-36.0736,2.38794,-0.0791769,4.46587,3,16.1
60.6384,-48.2403,-0.980564,0.530618,-0.00212872,4,16.1
37.4576,-77.874,-0.989769,-0.0126962,4.83786,0,16.2
36.5816,-69.0267,0.205972,0.339559,3.523,1,16.2
15.0644,-56.9621,4.1074,-0.211225,3.8785,2,16.2
32.106,-36.0736,2.38794,-0.0791769,4.46587,3,16.2
60.6384,-48.2403,-0.980564,0.530618,-0.00212872,4,16.2
37.4576,-77.874,-0.989769,-0.0126962,4.83786,0,16.3
36.5816,-69.0267,0.205972,0.339559,3.523,1,16.3
15.0644,-56.9621,4.1074,-0.211225,3.8785,2,16.3
32.106,-36.0736,2.38794,-0.0791769,4.46587,3,16.3
60.6384,-48.2403,-0.980564,0.530618,-0.00212872,4,16.3
37.4576,-77.874,-0.989769,-0.0126962,4.83786,0,16.4
36.5816,-69.0267,0.205972,0.339559,3.523,1,16.4
15.0644,-56.9621,4.1074,-0.211225,3.8785,2,16.4
32.106,-36.0736,2.38794,-0.0791769,4.46587,3,16.4
60.6384,-48.2403,-0.980564,0.530618,-0.00212872,4,16.4
37.4576,-77.874,-0.989769,-0.0126962,4.83786,0,16.5
36.5816,-69.0267,0.205972,0.339559,3.523,1,16.5
15.0644,-56.9621,4.1074,-0.211225,3.8785,2,16.5
32.106,-36.0736,2.38794,-0.0791769,4.46587,3,16.5
60.6384,-48.2403,-0.980564,0.530618,-0.00212872,4,16.5
37.4576,-77.874,-0.989769,-0.0126962,4.83786,0,16.6
36.5816,-69.0267,0.205972,0.339559,3.523,1,16.6
15.0644,-56.9621,4.1074,-0.211225,3.8785,2,16.6
32.106,-36.0736,2.38794,-0.0791769,4.46587,3,16.6
60.6384,-48.2403,-0.980564,0.530618,-0.00212872,4,16.6
37.4576,-77.874,-0.989769,-0.0126962,4.83786,0,16.7
36.5816,-69.0267,0.205972,0.339559,3.523,1,16.7
15.0644,-56.9621,4.1074,-0.211225,3.8785,2,16.7
32.106,-36.0736,2.38794,-0.0791769,4.46587,3,16.7
60.6384,-48.2403,-0.980564,0.530618,-0.00212872,4,16.7
37.4576,-77.874,-0.989769,-0.0126962,4.83786,0,16.8
36.5816,-69.0267,0.205972,0.339559,3.523,1,16.8
15.0644,-56.9621,4.1074,-0.211225,3.8785,2,16.8
32.106,-36.0736,2.38794,-0.0791769,4.46587,3,16.8
60.6384,-48.2403,-0.980564,0.530618,-0.00212872,4,16.8
37.4576,-77.874,-0.989769,-0.0126962,4.83786,0,16.9
36.5816,-69.0267,0.205972,0.339559,3.523,1,16.9
15.0644,-56.9621,4.1074,-0.211225,3.8785,2,16.9
32.106,-36.0736,2.38794,-0.0791769,4.46587,3,16.9
60.6384,-48.2403,-0.980564,0.530618,-0.00212872,4,16.9
37.4576,-77.874,-0.989769,-0.0126962,4.83786,0,17
36.5816,-69.0267,0.205972,0.339559,3.523,1,17
15.0644,-56.9621,4.1074,-0.211225,3.8785,2,17
32.106,-36.0736,2.38794,-0.0791769,4.46587,3,17
60.6384,-48.2403,-0.980564,0.530618,-0.00212872,4,17
37.4576,-77.874,-0.989769,-0.0126962,4.83786,0,17.1
36.5816,-69.0267,0.205972,0.339559,3.523,1,17.1
15.0644,-56.9621,4.1074,-0.211225,3.8785,2,17.1
32.106,-36.0736,2.38794,-0.0791769,4.46587,3,17.1
60.6384,-48.2403,-0.980564,0.530618,-0.00212872,4,17.1
37.4576,-77.874,-0.989769,-0.0126962,4.83786,0,17.2
36.5816,-69.0267,0.205972,0.339559,3.523,1,17.2
15.0644,-56.9621,4.1074,-0.211225,3.8785,2,17.2
32.106,-36.0736,2.38794,-0.0791769,4.46587,3,17.2
60.6384,-48.2403,-0.980564,0.530618,-0.00212872,4,17.2
37.4576,-77.874,-0.989769,-0.0126962,4.83786,0,17.3
36.5816,-69.0267,0.205972,0.339559,3.523,1,17.3
15.0644,-56.9621,4.1074,-0.211225,3.8785,2,17.3
32.106,-36.0736,2.38794,-0.0791769,4.46587,3,17.3
60.6384,-48.2403,-0.980564,0.530618,-0.00212872,4,17.3
37.4576,-77.874,-0.989769,-0.0126962,4.83786,0,17.4
36.5816,-69.0267,0.205972,0.339559,3.523,1,17.4
15.0644,-56.9621,4.1074,-0.211225,3.8785,2,17.4
32.106,-36.0736,2.38794,-0.0791769,4.46587,3,17.4
60.6384,-48.2403,-0.980564,0.530618,-0.00212872,4,17.4
37.4576,-77.874,-0.989769,-0.0126962,4.83786,0,17.5
36.5816,-69.0267,0.205972,0.339559,3.523,1,17.5
15.0644,-56.9621,4.1074,-0.211225,3.8785,2,17.5
32.106,-36.0736,2.38794,-0.0791769,4.46587,3,17.5
60.6384,-48.2403,-0.980564,0.530618,-0.00212872,4,17.5
37.4576,-77.874,-0.989769,-0.0126962,4.83786,0,17.6
36.5816,-69.0267,0.205972,0.339559,3.523,1,17.6
15.0644,-56.9621,4.1074,-0.211225,3.8785,2,17.6
32.106,-36.0736,2.38794,-0.0791769,4.46587,3,17.6
60.6384,-48.2403,-0.980564,0.530618,-0.00212872,4,17.6
37.4576,-77.874,-0.989769,-0.0126962,4.83786,0,17.7
36.5816,-69.0267,0.205972,0.339559,3.523,1,17.7
15.0644,-56.9621,4.1074,-0.211225,3.8785,2,17.7
32.106,-36.0736,2.38794,-0.0791769,4.46587,3,17.7
60.6384,-48.2403,-0.980564,0.530618,-0.00212872,4,17.7
37.4576,-77.874,-0.989769,-0.0126962,4.83786,0,17.8
36.5816,-69.0267,0.205972,0.339559,3.523,1,17.8
15.0644,-56.9621,4.1074,-0.211225,3.8785,2,17.8
32.106,-36.0736,2.38794,-0.0791769,4.46587,3,17.8
60.6384,-48.2403,-0.980564,0.530618,-0.00212872,4,17.8
37.4576,-77.874,-0.989769,-0.0126962,4.83786,0,17.9
36.5816,-69.0267,0.205972,0.339559,3.523,1,17.9
15.0644,-56.9621,4.1074,-0.211225,3.8785,2,17.9
32.106,-36.0736,2.38794,-0.0791769,4.46587,3,17.9
60.6384,-48.2403,-0.980564,0.530618,-0.00212872,4,17.9
37.4576,-77.874,-0.989769,-0.0126962,4.83786,0,18
36.5816,-69.0267,0.205972,0.339559,3.523,1,18
15.0644,-56.9621,4.1074,-0.211225,3.8785,2,18
32.106,-36.0736,2.38794,-0.0791769,4.46587,3,18
60.6384,-48.2403,-0.980564,0.530618,-0.00212872,4,18
37.4576,-77.874,-0.989769,-0.0126962,4.83786,0,18.1
36.5816,-69.0267,0.205972,0.339559,3.523,1,18.1
15.0644,-56.9621,4.1074,-0.211225,3.8785,2,18.1
32.106,-36.0736,2.38794,-0.0791769,4.46587,3,18.1
60.6384,-48.2403,-0.980564,0.530618,-0.00212872,4,18.1
37.4576,-77.874,-0.989769,-0.0126962,4.83786,0,18.2
36.5816,-69.0267,0.205972,0.339559,3.523,1,18.2
15.0644,-56.9621,4.1074,-0.211225,3.8785,2,18.2
32.106,-36.0736,2.38794,-0.0791769,4.46587,3,18.2
60.6384,-48.2403,-0.980564,0.530618,-0.00212872,4,18.2
37.4576,-77.874,-0.989769,-0.0126962,4.83786,0,18.3
36.5816,-69.0267,0.205972,0.339559,3.523,1,18.3
15.0644,-56.9621,4.1074,-0.211225,3.8785,2,18.3
32.106,-36.0736,2.38794,-0.0791769,4.46587,3,18.3
60.6384,-48.2403,-0.980564,0.530618,-0.00212872,4,18.3
37.4576,-77.874,-0.989769,-0.0126962,4.83786,0,18.4
36.5816,-69.0267,0.205972,0.339559,3.523,1,18.4
15.0644,-56.9621,4.1074,-0.211225,3.8785,2,18.4
32.106,-36.0736,2.38794,-0.0791769,4.46587,3,18.4
60.6384,-48.2403,-0.980564,0.530618,-0.00212872,4,18.4
37.4576,-77.874,-0.989769,-0.0126962,4.83786,0,18.5
36.5816,-69.0267,0.205972,0.339559,3.523,1,18.5
15.0644,-56.9621,4.1074,-0.211225,3.8785,2,18.5
32.106,-36.0736,2.38794,-0.0791769,4.46587,3,18.5
60.6384,-48.2403,-0.980564,0.530618,-0.00212872,4,18.5
37.4576,-77.874,-0.989769,-0.0126962,4.83786,0,18.6
36.5816,-69.0267,0.205972,0.339559,3.523,1,18.6
15.0644,-56.9621,4.1074,-0.211225,3.8785,2,18.6
32.106,-36.0736,2.38794,-0.0791769,4.46587,3,18.6
60.6384,-48.2403,-0.980564,0.530618,-0.00212872,4,18.6
37.4576,-77.874,-0.989769,-0.0126962,4.83786,0,18.7
36.5816,-69.0267,0.205972,0.339559,3.523,1,18.7
15.0644,-56.9621,4.1074,-0.211225,3.8785,2,18.7
32.106,-36.0736,2.38794,-0.0791769,4.46587,3,18.7
60.6384,-48.2403,-0.980564,0.530618,-0.00212872,4,18.7
37.4576,-77.874,-0.989769,-0.0126962,4.83786,0,18.8
36.5816,-69.0267,0.205972,0.339559,3.523,1,18.8
15.0644,-56.9621,4.1074,-0.211225,3.8785,2,18.8
32.106,-36.0736,2.38794,-0.0791769,4.46587,3,18.8
60.6384,-48.2403,-0.980564,0.530618,-0.00212872,4,18.8
37.4576,-77.874,-0.989769,-0.0126962,4.83786,0,18.9
36.5816,-69.0267,0.205972,0.339559,3.523,1,18.9
15.0644,-56.9621,4.1074,-0.211225,3.8785,2,18.9
32.106,-36.0736,2.38794,-0.0791769,4.46587,3,18.9
60.6384,-48.2403,-0.980564,0.530618,-0.00212872,4,18.9
37.4576,-77.874,-0.989769,-0.0126962,4.83786,0,19
36.5816,-69.0267,0.205972,0.339559,3.523,1,19
15.0644,-56.9621,4.1074,-0.211225,3.8785,2,19
32.106,-36.0736,2.38794,-0.0791769,4.46587,3,19
60.6384,-48.2403,-0.980564,0.530618,-0.00212872,4,19
37.4576,-77.874,-0.989769,-0.0126962,4.83786,0,19.1
36.5816,-69.0267,0.205972,0.339559,3.523,1,19.1
15.0644,-56.9621,4.1074,-0.211225,3.8785,2,19.1
32.106,-36.0736,2.38794,-0.0791769,4.46587,3,19.1
60.6384,-48.2403,-0.980564,0.530618,-0.00212872,4,19.1
37.4576,-77.874,-0.989769,-0.0126962,4.83786,0,19.2
36.5816,-69.0267,0.205972,0.339559,3.523,1,19.2
15.0644,-56.9621,4.1074,-0.211225,3.8785,2,19.2
32.106,-36.0736,2.38794,-0.0791769,4.46587,3,19.2
60.6384,-48.2403,-0.980564,0.530618,-0.00212872,4,19.2
37.4576,-77.874,-0.989769,-0.0126962,4.83786,0,19.3
36.5816,-69.0267,0.205972,0.339559,3.523,1,19.3
15.0644,-56.9621,4.1074,-0.211225,3.8785,2,19.3
32.106,-36.0736,2.38794,-0.0791769,4.46587,3,19.3
60.6384,-48.2403,-0.980564,0.530618,-0.00212872,4,19.3
37.4576,-77.874,-0.989769,-0.0126962,4.83786,0,19.4
36.5816,-69.0267,0.205972,0.339559,3.523,1,19.4
15.0644,-56.9621,4.1074,-0.211225,3.8785,2,19.4
32.106,-36.0736,2.38794,-0.0791769,4.46587,3,19.4
60.6384,-48.2403,-0.980564,0.530618,-0.00212872,4,19.4
37.4576,-77.874,-0.989769,-0.0126962,4.83786,0,19.5
36.5816,-69.0267,0.205972,0.339559,3.523,1,19.5
15.0644,-56.9621,4.1074,-0.211225,3.8785,2,19.5
32.106,-36.0736,2.38794,-0.0791769,4.46587,3,19.5
60.6384,-48.2403,-0.980564,0.530618,-0.00212872,4,19.5
37.4576,-77.874,-0.989769,-0.0126962,4.83786,0,19.6
36.5816,-69.0267,0.205972,0.339559,3.523,1,19.6
15.0644,-56.9621,4.1074,-0.211225,3.8785,2,19.6
32.106,-36.0736,2.38794,-0.0791769,4.46587,3,19.6
60.6384,-48.2403,-0.980564,0.530618,-0.00212872,4,19.6
37.4576,-77.874,-0.989769,-0.0126962,4.83786,0,19.7
36.5816,-69.0267,0.205972,0.339559,3.523,1,19.7
15.0644,-56.9621,4.1074,-0.211225,3.8785,2,19.7
32.106,-36.0736,2.38794,-0.0791769,4.46587,3,19.7
60.6384,-48.2403,-0.980564,0.530618,-0.00212872,4,19.7
37.4576,-77.874,-0.989769,-0.0126962,4.83786,0,19.8
36.5816,-69.0267,0.205972,0.339559,3.523,1,19.8
15.0644,-56.9621,4.1074,-0.211225,3.8785,2,19.8
32.106,-36.0736,2.38794,-0.0791769,4.46587,3,19.8
60.6384,-48.2403,-0.980564,0.530618,-0.00212872,4,19.8
37.4576,-77.874,-0.989769,-0.0126962,4.83786,0,19.9
36.5816,-69.0267,0.205972,0.339559,3.523,1,19.9
15.0644,-56.9621,4.1074,-0.211225,3.8785,2,19.9
32.106,-36.0736,2.38794,-0.0791769,4.46587,3,19.9
60.6384,-48.2403,-0.980564,0.530618,-0.00212872,4,19.9
37.4576,-77.874,-0.989769,-0.0126962,4.83786,0,20
36.5816,-69.0267,0.205972,0.339559,3.523,1,20
15.0644,-56.9621,4.1074,-0.211225,3.8785,2,20
32.106,-36.0736,2.38794,-0.0791769,4.46587,3,20
60.6384,-48.2403,-0.980564,0.530618,-0.00212872,4,20
